$ANSIBLE_VAULT;1.1;AES256
36636230363738353665383264383465336333623330333735363330336431396561656130343162
3736616164313461313135393430353037346637623466620a383637656663636635343236383962
38653466373335393530383737303566623630646237346666393161386330356532646362383433
3834346530396637380a336237353261343833346235363036643237633165303031316637363961
34326662323632396437616266303837643865353162346163643238346537313430613736326533
61383538393236656461613862373832626631336131646566393861653331376531303438336463
63643064323664366636613832306565353231303537363962383635353839666233633935353931
38623139346236633034303461633566613431373136356531343331363963636666303731626666
61353139313065373333653237616130313261346162616465363039663563666463323663656136
66366337643531323362663165623630346461666639646366663664393832666136636139643861
33316564336665653631313662306562313131383231643139343934636636333931663330303131
36656130396535643535346165633733393833366363303734663939373736346337656138643962
32346231313066393866313833323931326665303337653530613336303131333234376635653935
38386666353865303364383633633464663662316562363065623734616165313932326532666534
36363932616161396566313831346532656432333439653131396362343565393237376262626666
30643734313735303134626431316133353066613338653030303437333336636533333236386331
66613638653230346563306161373734333064396466336564313664393962376663326438616364
31313934346135366261653036666664313565353933323764323035353033303634353338346362
36303735643537303664383464613564646636393865616466373963643734306439376665306333
32393530653037643532303733316234383063656561306262633339366134646438343433383062
66356161643131656265643964373861356132626136313637306433306535633832343436653765
34666237343362643136613761363233386363643832636631373735646666363039616130343064
64303961313463363430613762336231656235383163343562323132323363393838396536663135
65643434393937333537303937353335646265616561343937363637393739613837623266313033
36623933323138616333326436376230663132396135306163333039313033613864
