$ANSIBLE_VAULT;1.1;AES256
37653838633237323239323366323461363133363339633838623030363965633835353764383062
6636643838386639303531656235383365336435363763320a643933663232343136643535623837
64366636653765303734666262316434353863343132653238336632613862363536653837623663
3931646536316630640a376165376332396637646435396261643661656436336136643231393339
31323262636535343734663436333339663534366336343966393731656138353636316231656165
64663333656236386365633838313239636231623130636636623939366164643238626164393665
64323037336463383464636561363235383137313561313562656264383861663162306636316663
38366334316261313630323563346532353432373065616262313038393836343363346266626233
30643831383965363436646332613539613530373265303431313234333431363233326235333737
36333761633665613365653532373333626435663538356630313631353833653561666361386261
31353133633266666263616461666330336661333636313435303035316233356132303163646435
37363765313730633435323864363138336331333634636432633035636536336262303866383866
34356234343333353330623137666537386330346266313761633235643537613735316661383235
64376132643864663663353539323534306438356566333761363966393166353765323638306335
32376338396339663063313833326561386164633637363732326531323866663539613633353462
32303064613461613532616338386334393063393664366461616139356531623331373738366530
63636531636334356561626136353339663862656561303732633436353533373165323732623938
37326630653866356439393766626433396161303836393136643762636631613865316533363138
30343334333435633230656366306536326465643966326437366534366264393133306237393632
37346537633336653161303436356535613938393166666261623530396430643130633766346436
62326439396331623430323538383032323637393934393833373033386466383934633931306134
35356131373937386561346666343633333038663235333035313239653838333436336432393966
66623033333263343962326465333332343239336232626366656261653236633762386463373531
31313332353762393164303961316137336462366235646135393263663636613230613336343031
33356164386366616530346330366663366131643064313633373539366631636131
