$ANSIBLE_VAULT;1.1;AES256
66626262373331663731373730643036336330376363393038383465333562653035396563326366
3931323533376331613266616461636164313330333538330a366130343830646234613262393335
30303637616236396165393864353762343534646366313735653265313664636531313533656535
3438326335376632620a653263663262646534653265343837376634356261303132623536333833
34663834333462333436326530613238346632666464366266366532343563316664363239616636
65393537636234376234623835386233373364313633663034333637646537333661613932313335
39376133323936646232346139393339653239363035313031366664653530633037663630336638
39393936383231633364343434396636333938646532343239656138306130626331626665646165
33346466383534663237386437653635336461396334363030323635303463313037336633356564
63616136323064646665343438343634643831316262336634393161386136646134666662646533
37363439633636323561333863333362656165623237353365663334303066613861666662323530
61623239626131636538653431346661643433383933653339643066613337396534303335333264
64666465383632666264336334336362653933613737623266643038613831306638353161333563
36666637623738313866333663393139653730386663343265633633373165313836353262393133
39396334393935313133376330626565663035336633386535373833623864376531343565383564
33336162343039303735343833653364316630386334386361613134373036313764346561666535
33376537326666346235633236656233633363306635383531306232616265626466616131383133
35323362313165343038626331626236386664383330663332306433353639363635333361653430
65663430666365666366326363646563306430666363636664623934653265346563333233646265
62316331386461643230616335323830643264326339646663323539306262313934666333613636
32613766373238653064343764613061623061616366333435653834313739613630643664373263
61653635656166396339376566656162363266333063363065396534373765663230333537323038
61366139643938323036316535323132653963336633623464383030633437623964333162623261
39666634343663653132383533636136373765386636386461613732613830663065343865326636
64356532333463646566306330666461643036383437653137323931333261333461
