$ANSIBLE_VAULT;1.1;AES256
38636533363962386264373163323930633730323363376133386265643934663335633836323838
3830613130353561633664646337376635613861643534390a336539613631643530323138306334
36353836313833353266666635303362393830623833333939363966396463306564623161373963
6439323665666263340a343038623364613134333735303130363361646166616338336536646334
61303733356135303531666437663233643466376237383738363436303462306437373830303665
32656364666134656139383932613130616533313230613335313834336134383937626431666634
31306263356664336465356235326364383463616666366637393331313363363032613731303836
32666639656662396437366633353532616562356238383265643965376136323563623166363864
30666530386536656164646536643566643766643239626162356263643638653734303833656335
38326538623036333439343937663631613764616263353565623233333039343739303730326139
39393131653037653631333861653965333539646465616236636633663337616562626136353535
36613934353835396430666362636637643130633836386263323930363339666439653239646164
38646566306665383832396165653833356232616337366639663963323232333566643361633334
62306335643534376637303231336266303830623837343632393234313931333762333833383163
34313737653166663862343238636334323162323436656162383838636639663963386265363763
62356238363933656462303138353332343863333566656231313130343830376663323730343936
63633038373762303737393636626333643037326135363832343265343239386539363731343763
63313731383461373864323930353262353335383161316162636334626236646163633666393031
32633932306239666163313034623065313934643262653930613335613838326466366634633632
30343033376230353431623066373136343966623334633333356432663531363032396235333261
33363964383434306635633164663433366265323233363834666261353061633230346666333135
38343730326464363631356531343630663364643464366133356532646634663534383136663338
35383165363737333836663633643361636662346337343865663733343762323535346164613736
33653461653335633333656463613538303239633630323534326361386364313230643431323039
30336164313562373930393937323361653861333965346532623832643632346263366236363931
61386263353930353839346661616564376364396261666162643034303934393431313464373930
35633734353466613235656135393361623936346633333862343836303164636133353464386534
33366238626436633262616564653830346563613162646338306433316130616436666430343365
38633165373137653038356432303136653665613033353930326634356337363333383537396466
65333565656530386435623438623166306161643663333634616130313465346239323033336334
64303639643461336131613630636430353833323665636237303434616663353531646662663934
35616336636333376437373161336563356431643162323864663764353163316536626233363132
34393735666165663632363638343536613661366538393366386366643561333035303038656262
38363237386630373437306566373431383038323263313336666237646436643230663734616462
32353661646636663166373839643131623063616537353563333564613434616631653462393864
65396230623737366266323330653034326131306236643962643964386464626537306365356430
63616564386231396333366331303365376266323838356232313463623630373236666230383861
36393030613131313537313165386262303930343866616530633162343362663138313935616338
35383535363533643431313832613962623931346439343132306564353763323339613638353335
63653437356365656336336332366130623336373033326230623166643861336537336536386137
31363261343136333636323533623836303162366639396633613233333538636430663566343732
64393063613664396637383163396238633533626337383762616431353066396164353630666462
65363261366138656131383835393732373132626261336236343465323031346335626364323662
61616461636365363463383736626136643761626664353465336462636566336333623935636361
37336235386136303461373330366335316566393165666231303933306666623465393661646338
34393833663261333039623934306137356166366437313465646136633039646432363832393636
62306465336562386236666531646436376463396165346537353866656264656339393563393032
30303661343662383831326137333635363335353066623363346632373337653233636431656666
30633530373932373863323865346331303261666561363962396363336637623066393464656636
34386636323764646261356462313062373336373866333636383166626231373835303336626566
33316333666335646434363663333932303138656435353662363939323730636636653832616136
32643732646433316466366337626130643465353666353436383033356338616565373939646136
31653366326466376230613238353230633561393235306165656630313930343131383065623966
61333034306430613330383936623263303838626131383130643362336436353136323966626661
38336339373431653963636431323534323137386131326334636332393531376539663234616638
31393134316166626534636437666635363864333330336235613362616566366239386638663064
33333933636566613462396264376338633963323862333736366539663438386666623261306538
66646637623532633130633638376138396662343833613134383464366661636431613931373464
35623032663861623362646134376338643133656631663739613732393138353638333563343435
64646237653165363333326336373437396664343635346566386239396161303966633131336531
32363264363638306661393034333432613363306533366430653361363733373831383031663136
30623463306434303166376263316434363139386636633164376334343134613934633561626234
64366238343431383036363931383933646661633230323466623239643134356332633463666530
35643032643863356166313438623561383062313834313837336164316162323833316364653961
30383535383539336234373662323832326236323761363064656263633039303364343332326664
31393331306639666464633061336130323038633763386661373439623739386163366537616635
65663434393130623730303862363063363062613163383763636231616231376636653365643738
35613864643066393964656538666134636366393363306333356439323434313135663739333230
34353366353266306235633537333664623963623663633033663366346361666435383462393337
35313938656366376261303734353362623364666463623831633961633838333463373361656138
36383234383132323065613037333865373332613734396263383932613636323134343531613130
39353362613663336636663566653737306362383831643065303466646335303637316536376632
33643434326561393934636536326534396232346538333131633539343865323533643031323134
30306363383033613031326238653330323633366432623234326636623438346433393663636232
65656131636563653765326339656638396433653134393031613637383033396564626466666262
37343339313762363462626365383366626230623865376535373164373438393130656632613363
34623365633162633638386130663538653363343832343735323336626236396661643931303732
61643063633766356336366231636231633266353065306537343564333131306637326163323334
61383661353032376434346139346138343334623263323134613662303335366263363166333365
64633438326532626233343063303233343364656165313661366534323861396166376362316434
33656239616332373337376336633161393864316539636361353833376561313938663265656366
37383935383837616465356435303166373463313265376138386139393265306332653834613732
66383331303036316337323935653263343465386333313234646632303932383134393636313435
37346661643436623663376132316561356365646166303636666231656439663236306162333836
36343762313236373136343436626164396432646336323139376538326632636433306432316539
38333930626565616630616630653133363062626463396539646331386331326437363030393539
31306330663566646537653865643330356465303664326235646639343633663430626361376430
61373335313363376565643330633231336562323436343961373135343338633739663730376534
64643261313765653837396163343632363334326439646333636538616438643733363632376161
36386238333364643466633035336263343463366331653338323966646432633561333038363661
65646661653164366538373064633837656661383537636665393638336562363561363864323735
38653234326534343131643738623435626363366134633562336165633266333565383238643631
65373461373935303735393834396333383238373833316233386334336538376238336563303339
62313065326331363435393836313561353434633331386232316632376133356530323936626465
35356461666361336537616639313534663031366564623365346566653163636233343738663266
36383865623462343630653633373262643938393335336364656662616434333431393037626333
64376464653162396663336430313637666537323135323064666539313565343165373363386163
62303131343261303932656465636436613061663562316138633439393035303934386233363865
61623562386239653566613331623031393334363364353434653862323034643736356536393932
33653164623633333635373139316332343132343262386431333561643338313734646463363835
34346362396461393935373833383039363166303830323364646435643230313662343161366437
34383661316239636661373538623135383831326534366338613037363835343336303435343833
65303964663238366564633136353035383466623031373961616261653639373164623831643163
31613562393765623732353264653230326161616265306533333362666430306165336338393161
62323365353532646233376465653438323365326466636332333335333034636663343534393730
36633764383538383837656465343965313965336337353761316463373763633162373933636633
34346134313662303433356133623237386461333436643062643532373966323461386265356436
64336162656261643730343134663463643365373533646537666434633039313730646436646563
32326163326532383364366162643032353662626136353939306564333738636664313430366133
35333862623063636536663962303138373364366430643632663366353936636137633139373265
65313564316438616639373830326635333934356539306333366439323831623834353834326630
35303966653230633636303638363733303536626462346636306266356461623830663663643730
61376431343765643736303136393732653761633462363230313166646263346361326564613335
30343030666536323362613438396231633763356539366661666537633835343666376438636432
65643861363634343263376364363837343634653334316362343165663261393237333335633738
30366536643638353637386430353839646335376535343161396534643032373939366635313730
65383738386631336336666463313735336434313638363936316131613930613632346239633061
66643236666637386139323032653463346133646336623163366635656461386533633430383739
33323737613664313030636431333930663262333237656664346536356236333032353063383730
30303231313964626434636666663465373565313266323432323334366563313336333863633836
37323639383964663438383064336435616230313964383331353238663630626464613964636639
38636239313439333732386162626435643931343830393865313365643832393232303266313930
33623964343564316137623066333462336237323564393763356263306362333437376538633534
66336164343737653137313937666564393438386464643835386635333933316261623332313139
38653037333539633837633336396131306637346635623833626633323230363731663366653062
62653239353931633632633337343466656364663638363230633164346165376639316435323732
33383763656464393863383536383563613363616437643964636565633834656232316365316462
66653931613232396534363465393264613361623635626135653530643463373737383265393262
36643434613439663938333165333765303665626461336432366362653936633837396562646634
35306261373664386230653662333764656635333463393535353037313765303262376538333931
33626663353032333461323865326266383930396661396639363262356562323634303336613964
38643635643233356434386265636234343263663265653132353061313435653663633630373639
64626235393132383939383231613933386264666666663163326263396539336462396265666130
6261356134626461616466633662353162323930316630386138
